
/*--------------------------------*- C++ -*----------------------------------*\
  | =========                 |                                                 |
  | \\      /  F ield         | OpenFOAM: The Open Source CFD Toolbox           |
  |  \\    /   O peration     | Version:  5                                     |
  |   \\  /    A nd           | Web:      www.OpenFOAM.org                      |
  |    \\/     M anipulation  |                                                 |
  \*---------------------------------------------------------------------------*/

probingLine2
{
                type probes;
                libs ("libsampling.so");
                writeControl writeTime;

                interpolationScheme cellPointFace;
                //interpolationScheme cellPoint;

                setFormat csv;

                fields (T);

                

                probeLocations
                  (



(1.9 0 0.150023)
(1.89 0 0.150023)
(1.88 0 0.150023)
(1.87 0 0.150023)
(1.86 0 0.150023)
(1.85 0 0.150023)
(1.84 0 0.150023)
(1.83 0 0.150023)
(1.82 0 0.150023)
(1.81 0 0.150023)
(1.8 0 0.150023)
(1.79 0 0.150023)
(1.78 0 0.150023)
(1.77 0 0.150023)
(1.76 0 0.150023)
(1.75 0 0.150023)
(1.74 0 0.150023)
(1.73 0 0.150023)
(1.72 0 0.150023)
(1.71 0 0.150023)
(1.7 0 0.150023)
(1.69 0 0.150023)
(1.68 0 0.150023)
(1.67 0 0.150023)
(1.66 0 0.150023)
(1.65 0 0.150023)
(1.64 0 0.150023)
(1.63 0 0.150023)
(1.62 0 0.150023)
(1.61 0 0.150023)
(1.6 0 0.150023)
(1.59 0 0.150023)
(1.58 0 0.150023)
(1.57 0 0.150023)
(1.56 0 0.150023)
(1.55 0 0.150023)
(1.54 0 0.150023)
(1.53 0 0.150023)
(1.52 0 0.150023)
(1.51 0 0.150023)
(1.5 0 0.150023)
(1.49 0 0.150023)
(1.48 0 0.150023)
(1.47 0 0.150023)
(1.46 0 0.150023)
(1.45 0 0.150023)
(1.44 0 0.150023)
(1.43 0 0.150023)
(1.42 0 0.150023)
(1.41 0 0.150023)
(1.4 0 0.150023)
(1.39 0 0.150023)
(1.38 0 0.150023)
(1.37 0 0.150023)
(1.36 0 0.150023)
(1.35 0 0.150023)
(1.34 0 0.150023)
(1.33 0 0.150023)
(1.32 0 0.150023)
(1.31 0 0.150023)
(1.3 0 0.150023)
(1.29 0 0.150023)
(1.28 0 0.150023)
(1.27 0 0.150023)
(1.26 0 0.150023)
(1.25 0 0.150023)
(1.24 0 0.150023)
(1.23 0 0.150023)
(1.22 0 0.150023)
(1.21 0 0.150023)
(1.2 0 0.150023)
(1.19 0 0.150023)
(1.18 0 0.150023)
(1.17 0 0.150023)
(1.16 0 0.150023)
(1.15 0 0.150023)
(1.14 0 0.150023)
(1.13 0 0.150023)
(1.12 0 0.150023)
(1.11 0 0.150023)
(1.1 0 0.150023)
(1.09 0 0.150023)
(1.08 0 0.150023)
(1.07 0 0.150023)
(1.06 0 0.150023)
(1.05 0 0.150023)
(1.04 0 0.150023)
(1.03 0 0.150023)
(1.02 0 0.150023)
(1.01 0 0.150023)
(1.0 0 0.150023)
(0.99 0 0.150023)
(0.98 0 0.150023)
(0.97 0 0.150023)
(0.96 0 0.150023)
(0.95 0 0.150023)
(0.94 0 0.150023)
(0.93 0 0.150023)
(0.92 0 0.150023)
(0.91 0 0.150023)
(0.9 0 0.150023)


);
}

            // ************************************************************************* //
