
/*--------------------------------*- C++ -*----------------------------------*\
  | =========                 |                                                 |
  | \\      /  F ield         | OpenFOAM: The Open Source CFD Toolbox           |
  |  \\    /   O peration     | Version:  5                                     |
  |   \\  /    A nd           | Web:      www.OpenFOAM.org                      |
  |    \\/     M anipulation  |                                                 |
  \*---------------------------------------------------------------------------*/

probingLine1
{
                type probes;
                libs ("libsampling.so");
                writeControl writeTime;

                interpolationScheme cellPointFace;
                //interpolationScheme cellPoint;

                setFormat csv;

                fields (T);

                

                probeLocations
                  (



(1.9 1.19825 1.15)
(1.9 1.198266 1.14)
(1.9 1.198283 1.13)
(1.9 1.198299 1.12)
(1.9 1.198315 1.11)
(1.9 1.198331 1.1)
(1.9 1.198348 1.09)
(1.9 1.198364 1.08)
(1.9 1.19838 1.07)
(1.9 1.198396 1.06)
(1.9 1.198413 1.05)
(1.9 1.198429 1.04)
(1.9 1.198445 1.03)
(1.9 1.198461 1.02)
(1.9 1.198478 1.01)
(1.9 1.198494 1.0)
(1.9 1.19851 0.99)
(1.9 1.198526 0.98)
(1.9 1.198543 0.97)
(1.9 1.198559 0.96)
(1.9 1.198575 0.95)
(1.9 1.198591 0.94)
(1.9 1.198608 0.93)
(1.9 1.198624 0.92)
(1.9 1.19864 0.91)
(1.9 1.198656 0.9)
(1.9 1.198673 0.89)
(1.9 1.198689 0.88)
(1.9 1.198705 0.87)
(1.9 1.198721 0.86)
(1.9 1.198738 0.85)
(1.9 1.198754 0.84)
(1.9 1.19877 0.83)
(1.9 1.198786 0.82)
(1.9 1.198803 0.81)
(1.9 1.198819 0.8)
(1.9 1.198835 0.79)
(1.9 1.198851 0.78)
(1.9 1.198868 0.770001)
(1.9 1.198884 0.760001)
(1.9 1.1989 0.750001)
(1.9 1.198916 0.740001)
(1.9 1.198933 0.730001)
(1.9 1.198949 0.720001)
(1.9 1.198965 0.710001)
(1.9 1.198981 0.700001)
(1.9 1.198998 0.690001)
(1.9 1.199014 0.680001)
(1.9 1.19903 0.670001)
(1.9 1.199046 0.660001)
(1.9 1.199063 0.650001)
(1.9 1.199079 0.640001)
(1.9 1.199095 0.630001)
(1.9 1.199111 0.620001)
(1.9 1.199128 0.610001)
(1.9 1.199144 0.600001)
(1.9 1.19916 0.590001)
(1.9 1.199176 0.580001)
(1.9 1.199193 0.570001)
(1.9 1.199209 0.560001)
(1.9 1.199225 0.550001)
(1.9 1.199241 0.540001)
(1.9 1.199258 0.530001)
(1.9 1.199274 0.520001)
(1.9 1.19929 0.510001)
(1.9 1.199306 0.500001)
(1.9 1.199323 0.490001)
(1.9 1.199339 0.480001)
(1.9 1.199355 0.470001)
(1.9 1.199371 0.460001)
(1.9 1.199388 0.450001)
(1.9 1.199404 0.440001)
(1.9 1.19942 0.430001)
(1.9 1.199436 0.420001)
(1.9 1.199453 0.410001)
(1.9 1.199469 0.400001)
(1.9 1.199485 0.390001)
(1.9 1.199501 0.380001)
(1.9 1.199518 0.370001)
(1.9 1.199534 0.360001)
(1.9 1.19955 0.350001)
(1.9 1.199566 0.340001)
(1.9 1.199583 0.330001)
(1.9 1.199599 0.320001)
(1.9 1.199615 0.310001)
(1.9 1.199631 0.300001)
(1.9 1.199648 0.290001)
(1.9 1.199664 0.280001)
(1.9 1.19968 0.270001)
(1.9 1.199696 0.260001)
(1.9 1.199713 0.250001)
(1.9 1.199729 0.240001)
(1.9 1.199745 0.230001)
(1.9 1.199761 0.220001)
(1.9 1.199778 0.210001)
(1.9 1.199794 0.200001)
(1.9 1.19981 0.190001)
(1.9 1.199826 0.180001)
(1.9 1.199843 0.170001)
(1.9 1.199859 0.160001)
(1.9 1.199875 0.150001)
(1.9 1.199891 0.140001)
(1.9 1.199908 0.130001)
(1.9 1.199924 0.120001)
(1.9 1.19994 0.110001)
(1.9 1.199956 0.100001)
(1.9 1.199973 0.090001)
(1.9 1.199989 0.080001)
(1.9 1.200005 0.070001)
(1.9 1.200021 0.060001)
(1.9 1.200038 0.050001)
(1.9 1.200054 0.040001)
(1.9 1.20007 0.030001)
(1.9 1.200086 0.020001)
(1.9 1.200103 0.010002)
(1.9 1.200119 1.5186e-6)
(1.9 1.200135 -0.009998)
(1.9 1.200151 -0.019998)
(1.9 1.200168 -0.029998)
(1.9 1.200184 -0.039998)
(1.9 1.2002 -0.049998)
(1.9 1.200216 -0.059998)
(1.9 1.200233 -0.069998)
(1.9 1.200249 -0.079998)
(1.9 1.200265 -0.089998)
(1.9 1.200282 -0.099998)
(1.9 1.200298 -0.109998)
(1.9 1.200314 -0.119998)
(1.9 1.20033 -0.129998)
(1.9 1.200347 -0.139998)
(1.9 1.200363 -0.149998)
(1.9 1.200379 -0.159998)
(1.9 1.200395 -0.169998)
(1.9 1.200412 -0.179998)
(1.9 1.200428 -0.189998)
(1.9 1.200444 -0.199998)
(1.9 1.20046 -0.209998)
(1.9 1.200477 -0.219998)
(1.9 1.200493 -0.229998)
(1.9 1.200509 -0.239998)
(1.9 1.200525 -0.249998)
(1.9 1.200542 -0.259998)
(1.9 1.200558 -0.269998)
(1.9 1.200574 -0.279998)
(1.9 1.20059 -0.289998)
(1.9 1.200607 -0.299998)
(1.9 1.200623 -0.309998)
(1.9 1.200639 -0.319998)
(1.9 1.200655 -0.329998)
(1.9 1.200672 -0.339998)
(1.9 1.200688 -0.349998)
(1.9 1.200704 -0.359998)
(1.9 1.20072 -0.369998)
(1.9 1.200737 -0.379998)
(1.9 1.200753 -0.389998)
(1.9 1.200769 -0.399998)
(1.9 1.200785 -0.409998)
(1.9 1.200802 -0.419998)
(1.9 1.200818 -0.429998)
(1.9 1.200834 -0.439998)
(1.9 1.20085 -0.449998)
(1.9 1.200867 -0.459998)
(1.9 1.200883 -0.469998)
(1.9 1.200899 -0.479998)
(1.9 1.200915 -0.489998)
(1.9 1.200932 -0.499998)
(1.9 1.200948 -0.509998)
(1.9 1.200964 -0.519998)
(1.9 1.20098 -0.529998)
(1.9 1.200997 -0.539998)
(1.9 1.201013 -0.549998)
(1.9 1.201029 -0.559998)
(1.9 1.201045 -0.569998)
(1.9 1.201062 -0.579998)
(1.9 1.201078 -0.589998)
(1.9 1.201094 -0.599998)
(1.9 1.20111 -0.609998)
(1.9 1.201127 -0.619998)
(1.9 1.201143 -0.629998)
(1.9 1.201159 -0.639998)
(1.9 1.201175 -0.649998)
(1.9 1.201192 -0.659998)
(1.9 1.201208 -0.669998)
(1.9 1.201224 -0.679998)
(1.9 1.20124 -0.689998)
(1.9 1.201257 -0.699998)
(1.9 1.201273 -0.709998)
(1.9 1.201289 -0.719998)
(1.9 1.201305 -0.729998)
(1.9 1.201322 -0.739998)
(1.9 1.201338 -0.749997)
(1.9 1.201354 -0.759997)
(1.9 1.20137 -0.769997)
(1.9 1.201387 -0.779997)
(1.9 1.201403 -0.789997)
(1.9 1.201419 -0.799997)
(1.9 1.201435 -0.809997)
(1.9 1.201452 -0.819997)
(1.9 1.201468 -0.829997)
(1.9 1.201484 -0.839997)
(1.9 1.2015 -0.849997)
(1.9 1.201517 -0.859997)
(1.9 1.201533 -0.869997)
(1.9 1.201549 -0.879997)
(1.9 1.201565 -0.889997)
(1.9 1.201582 -0.899997)
(1.9 1.201598 -0.909997)
(1.9 1.201614 -0.919997)
(1.9 1.20163 -0.929997)
(1.9 1.201647 -0.939997)
(1.9 1.201663 -0.949997)
(1.9 1.201679 -0.959997)
(1.9 1.201695 -0.969997)
(1.9 1.201712 -0.979997)
(1.9 1.201728 -0.989997)
(1.9 1.201744 -0.999997)


);
}

            // ************************************************************************* //
